0:[0, 256, 257, 258, 252]
1:[]
2:[2, 4, 5, 6, 134, 8, 137, 13, 15, 16, 144, 17, 19, 21, 149, 22, 23, 163, 37, 165, 167, 170, 171, 46, 47, 176, 49, 51, 54, 55, 57, 58, 187, 64, 194, 197, 199, 72, 202, 207, 80, 208, 209, 211, 85, 86, 87, 217, 218, 92, 222, 95, 227, 230, 236, 242, 246, 119, 247, 248]
3:[3, 36, 244, 245, 251]
4:[2, 4, 5, 6, 7, 8, 9, 10, 11, 12, 13, 14, 15, 16, 17, 18, 19, 20, 21, 22, 23, 24, 25, 26, 27, 28, 29, 30, 31, 32, 33, 34, 35, 37, 39, 40, 41, 42, 43, 44, 45, 46, 47, 48, 49, 50, 51, 52, 53, 54, 55, 56, 57, 58, 59, 60, 61, 62, 63, 64, 65, 66, 67, 68, 69, 70, 71, 72, 73, 74, 75, 76, 77, 78, 79, 80, 81, 82, 83, 84, 85, 86, 87, 88, 89, 90, 91, 92, 93, 94, 95, 96, 97, 98, 99, 100, 101, 102, 103, 104, 105, 106, 108, 109, 110, 111, 112, 113, 114, 115, 116, 117, 118, 119, 120, 121, 122, 123, 124, 125, 126, 127, 128, 129, 130, 131, 132, 133, 134, 135, 136, 137, 138, 139, 140, 141, 142, 143, 144, 145, 146, 147, 148, 149, 150, 151, 153, 154, 155, 156, 157, 158, 159, 160, 161, 162, 163, 164, 165, 166, 167, 168, 169, 170, 171, 172, 173, 174, 175, 176, 177, 178, 179, 181, 182, 183, 184, 185, 186, 187, 188, 189, 190, 191, 192, 193, 194, 195, 196, 197, 198, 199, 200, 201, 202, 203, 204, 205, 206, 207, 208, 209, 211, 212, 213, 214, 215, 216, 217, 218, 219, 220, 221, 222, 223, 224, 225, 226, 227, 228, 229, 230, 231, 232, 233, 234, 235, 236, 237, 238, 239, 240, 241, 242, 243, 246, 247, 248, 252, 256]
5:[2, 4, 5, 6, 7, 8, 9, 11, 13, 14, 15, 16, 17, 19, 22, 23, 24, 25, 27, 29, 32, 33, 37, 40, 43, 46, 47, 49, 51, 53, 54, 55, 57, 58, 59, 63, 67, 72, 75, 76, 78, 80, 82, 83, 85, 86, 87, 89, 91, 92, 94, 95, 100, 103, 105, 108, 109, 110, 112, 115, 119, 125, 127, 129, 133, 134, 137, 138, 144, 145, 146, 147, 149, 150, 153, 159, 160, 163, 164, 165, 167, 169, 170, 171, 176, 178, 182, 183, 187, 188, 190, 194, 197, 198, 200, 202, 206, 209, 211, 217, 218, 221, 222, 224, 225, 226, 227, 230, 232, 233, 236, 239, 240, 242, 246, 247, 248]
6:[2, 4, 5, 6, 7, 8, 9, 11, 12, 13, 14, 15, 16, 17, 18, 19, 21, 22, 23, 24, 25, 27, 28, 29, 32, 33, 37, 39, 40, 43, 46, 47, 49, 51, 53, 54, 55, 57, 58, 59, 62, 63, 67, 68, 69, 72, 74, 75, 76, 78, 79, 80, 82, 83, 84, 85, 86, 87, 89, 90, 91, 92, 94, 95, 99, 100, 103, 105, 108, 109, 110, 112, 115, 116, 119, 125, 127, 129, 132, 133, 134, 137, 138, 141, 144, 145, 146, 147, 148, 149, 150, 153, 159, 160, 162, 163, 164, 165, 167, 169, 170, 171, 176, 177, 178, 182, 183, 184, 187, 188, 189, 190, 194, 195, 197, 198, 200, 202, 205, 206, 209, 211, 217, 218, 221, 222, 224, 225, 226, 227, 228, 230, 232, 233, 236, 239, 240, 242, 246, 247, 248]
7:[256, 4, 5, 6, 7, 8, 9, 10, 11, 12, 13, 14, 15, 16, 17, 18, 19, 21, 22, 23, 24, 25, 27, 29, 32, 33, 35, 37, 40, 42, 43, 45, 46, 47, 48, 49, 51, 52, 54, 55, 57, 58, 59, 61, 62, 63, 67, 69, 70, 71, 72, 74, 75, 76, 78, 80, 81, 83, 86, 87, 89, 90, 91, 92, 94, 95, 97, 103, 105, 108, 109, 110, 111, 112, 119, 120, 121, 122, 125, 127, 129, 130, 132, 133, 134, 135, 137, 138, 140, 141, 146, 147, 148, 149, 150, 151, 153, 154, 155, 159, 160, 162, 165, 166, 167, 169, 170, 171, 174, 176, 178, 181, 182, 183, 184, 186, 187, 188, 189, 190, 191, 192, 194, 195, 197, 198, 199, 201, 202, 203, 204, 205, 206, 208, 209, 211, 212, 218, 219, 222, 224, 225, 226, 227, 228, 230, 232, 235, 237, 238, 240, 242, 246, 247, 248, 252]
8:[2, 4, 5, 6, 7, 8, 9, 10, 11, 12, 13, 14, 15, 16, 17, 18, 19, 20, 21, 22, 23, 24, 25, 27, 29, 30, 32, 33, 35, 37, 40, 42, 43, 45, 46, 47, 48, 49, 50, 51, 52, 53, 54, 55, 57, 58, 59, 61, 62, 63, 64, 65, 66, 67, 68, 69, 70, 71, 72, 74, 75, 76, 78, 80, 81, 83, 85, 86, 87, 89, 90, 91, 92, 93, 94, 95, 96, 97, 99, 103, 105, 108, 109, 110, 111, 112, 113, 114, 115, 116, 119, 120, 121, 122, 125, 127, 128, 129, 130, 131, 132, 133, 134, 135, 136, 137, 138, 140, 141, 144, 145, 146, 147, 148, 149, 150, 151, 153, 154, 155, 156, 158, 159, 160, 162, 163, 164, 165, 166, 167, 169, 170, 171, 174, 176, 177, 178, 179, 181, 182, 183, 184, 186, 187, 188, 189, 190, 191, 192, 193, 194, 195, 196, 197, 198, 199, 201, 202, 203, 204, 205, 206, 207, 208, 209, 211, 212, 213, 216, 217, 218, 219, 221, 222, 224, 225, 226, 227, 228, 230, 232, 234, 235, 236, 237, 238, 239, 240, 241, 242, 243, 246, 247, 248, 252, 256]
9:[4, 5, 133, 6, 7, 8, 9, 137, 138, 11, 75, 76, 13, 14, 15, 16, 17, 82, 19, 22, 23, 89, 92, 221, 222, 225, 37, 165, 103, 40, 232, 233, 109, 47, 178, 54, 246, 55, 247, 248, 57, 58]
10:[192, 4, 133, 198, 7, 8, 10, 11, 75, 139, 12, 76, 13, 15, 80, 19, 148, 212, 213, 150, 91, 92, 227, 42, 235, 47, 246, 55, 247, 248, 125]
11:[4, 5, 133, 6, 7, 8, 9, 10, 11, 139, 12, 13, 14, 15, 16, 17, 19, 148, 21, 149, 150, 154, 27, 29, 32, 164, 37, 165, 40, 41, 42, 171, 47, 55, 58, 62, 192, 196, 69, 198, 72, 200, 74, 75, 76, 80, 212, 213, 214, 215, 89, 91, 92, 94, 95, 225, 227, 232, 235, 109, 113, 243, 246, 119, 247, 248, 125]
12:[4, 133, 6, 7, 8, 72, 10, 202, 11, 75, 12, 76, 13, 205, 14, 15, 16, 17, 19, 149, 150, 89, 218, 92, 222, 225, 165, 232, 171, 47, 239, 246, 55, 119, 247, 184, 248, 58, 188, 125]
13:[2, 4, 5, 6, 7, 8, 9, 10, 11, 12, 13, 14, 15, 16, 17, 18, 19, 21, 22, 23, 25, 26, 27, 29, 32, 33, 35, 37, 40, 41, 42, 46, 47, 49, 51, 52, 53, 54, 55, 57, 58, 59, 61, 62, 63, 67, 71, 72, 73, 75, 76, 78, 80, 81, 82, 83, 84, 85, 86, 87, 89, 90, 91, 92, 94, 95, 97, 99, 100, 101, 103, 105, 106, 109, 112, 113, 114, 116, 119, 120, 121, 125, 126, 127, 129, 130, 132, 133, 134, 135, 137, 138, 139, 140, 144, 145, 146, 147, 149, 150, 151, 153, 154, 155, 158, 160, 162, 163, 164, 165, 166, 167, 169, 170, 171, 174, 176, 177, 179, 182, 183, 184, 187, 188, 190, 191, 192, 194, 197, 198, 199, 200, 201, 202, 205, 206, 208, 209, 211, 215, 217, 218, 219, 222, 224, 225, 226, 227, 230, 232, 233, 235, 236, 239, 240, 241, 242, 246, 247, 248]
14:[4, 5, 133, 6, 7, 8, 9, 137, 138, 11, 139, 12, 13, 14, 15, 19, 148, 149, 150, 151, 29, 159, 32, 33, 162, 35, 37, 165, 170, 171, 46, 47, 54, 55, 184, 58, 61, 62, 190, 192, 67, 195, 69, 198, 199, 72, 75, 76, 78, 80, 208, 81, 209, 218, 91, 92, 94, 222, 225, 227, 103, 232, 239, 242, 246, 119, 247, 120, 248, 121, 125, 127]
15:[2, 4, 5, 6, 7, 8, 9, 10, 11, 12, 13, 14, 15, 16, 17, 19, 20, 21, 22, 23, 24, 25, 29, 32, 33, 35, 37, 40, 42, 43, 46, 47, 48, 49, 50, 54, 55, 57, 58, 61, 62, 63, 65, 66, 67, 69, 72, 75, 76, 78, 79, 80, 81, 82, 83, 85, 87, 90, 91, 92, 94, 95, 103, 105, 109, 110, 119, 120, 121, 125, 126, 127, 128, 129, 130, 133, 134, 135, 136, 137, 138, 139, 140, 141, 146, 147, 148, 149, 150, 151, 155, 159, 160, 162, 165, 169, 170, 171, 173, 174, 181, 182, 183, 184, 187, 190, 191, 192, 193, 195, 197, 198, 199, 201, 202, 205, 206, 207, 208, 209, 211, 212, 217, 218, 219, 222, 223, 225, 227, 232, 234, 235, 238, 239, 240, 241, 242, 246, 247, 248]
16:[2, 4, 5, 6, 7, 8, 9, 11, 12, 13, 15, 16, 17, 19, 20, 21, 22, 23, 25, 27, 29, 32, 35, 37, 40, 42, 43, 46, 47, 49, 51, 52, 53, 54, 55, 57, 58, 59, 62, 63, 67, 69, 72, 73, 74, 75, 76, 78, 80, 81, 82, 83, 84, 85, 86, 87, 89, 91, 92, 94, 95, 100, 103, 104, 105, 108, 109, 111, 112, 115, 116, 125, 129, 132, 133, 137, 138, 144, 145, 146, 147, 148, 149, 153, 159, 160, 162, 163, 164, 165, 169, 170, 171, 174, 177, 181, 182, 184, 187, 188, 190, 194, 195, 197, 198, 199, 202, 206, 209, 211, 218, 221, 222, 225, 227, 230, 232, 233, 235, 236, 239, 240, 242, 246, 247, 248]
17:[2, 4, 5, 6, 7, 8, 9, 11, 12, 13, 15, 16, 17, 19, 20, 21, 22, 23, 24, 25, 27, 29, 32, 33, 35, 37, 40, 42, 43, 46, 47, 49, 51, 52, 53, 54, 55, 57, 58, 59, 62, 63, 67, 69, 72, 73, 74, 75, 76, 78, 80, 81, 82, 83, 84, 85, 86, 87, 89, 91, 92, 94, 95, 100, 103, 104, 105, 108, 109, 111, 112, 115, 116, 125, 129, 132, 133, 137, 138, 144, 145, 146, 147, 148, 149, 150, 153, 159, 160, 162, 163, 164, 165, 169, 170, 171, 174, 177, 179, 181, 182, 184, 187, 188, 189, 190, 194, 195, 197, 198, 199, 202, 206, 209, 211, 218, 221, 222, 224, 225, 227, 230, 232, 233, 235, 236, 239, 240, 242, 246, 247, 248]
18:[4, 197, 6, 134, 7, 135, 199, 8, 72, 75, 76, 13, 79, 80, 18, 19, 147, 149, 150, 87, 92, 222, 225, 227, 103, 232, 170, 171, 109, 47, 176, 242, 182, 246, 55, 119, 183, 247, 248, 57, 58, 125, 62]
19:[2, 4, 5, 6, 7, 8, 9, 10, 11, 12, 13, 14, 15, 16, 17, 18, 19, 20, 21, 22, 23, 24, 25, 26, 27, 28, 29, 30, 31, 32, 33, 34, 35, 37, 39, 40, 42, 43, 44, 45, 46, 47, 48, 49, 50, 51, 52, 53, 54, 55, 57, 58, 59, 60, 61, 62, 63, 64, 65, 66, 67, 68, 69, 71, 72, 73, 74, 75, 76, 77, 78, 79, 80, 81, 82, 83, 84, 85, 86, 87, 88, 89, 90, 91, 92, 93, 94, 95, 96, 98, 99, 100, 101, 102, 103, 105, 106, 108, 109, 110, 111, 112, 113, 114, 115, 116, 118, 119, 120, 121, 122, 123, 125, 126, 127, 128, 129, 130, 131, 132, 133, 134, 135, 137, 138, 140, 141, 142, 144, 145, 146, 147, 148, 149, 150, 153, 154, 155, 157, 159, 160, 162, 163, 164, 165, 166, 167, 169, 170, 171, 172, 173, 174, 175, 176, 177, 178, 179, 181, 182, 183, 184, 185, 186, 187, 188, 189, 190, 191, 192, 194, 195, 197, 198, 199, 200, 201, 202, 204, 205, 206, 207, 208, 209, 211, 212, 213, 214, 217, 218, 219, 220, 221, 222, 223, 224, 225, 226, 227, 228, 230, 232, 233, 235, 236, 239, 240, 241, 242, 246, 247, 248]
20:[4, 8, 72, 15, 16, 17, 81, 19, 211, 149, 22, 23, 24, 25, 218, 92, 222, 37, 230, 47, 246, 55, 119, 247, 248, 57, 58, 63]
21:[128, 129, 2, 4, 133, 6, 7, 8, 11, 13, 15, 16, 17, 19, 21, 149, 22, 23, 24, 25, 37, 165, 166, 171, 47, 49, 51, 179, 55, 57, 58, 187, 63, 65, 197, 72, 200, 201, 75, 76, 206, 80, 81, 211, 216, 89, 217, 218, 92, 94, 222, 224, 225, 99, 227, 230, 236, 246, 119, 247, 248, 125, 126]
22:[2, 4, 5, 133, 6, 134, 7, 135, 8, 9, 137, 13, 15, 16, 17, 19, 20, 21, 24, 25, 153, 37, 165, 47, 54, 55, 57, 58, 64, 65, 197, 198, 202, 75, 76, 206, 207, 80, 211, 218, 92, 221, 222, 225, 227, 230, 232, 109, 240, 116, 246, 247, 248, 125]
23:[2, 130, 4, 5, 133, 6, 134, 7, 135, 8, 9, 137, 13, 15, 16, 144, 17, 19, 20, 21, 149, 24, 25, 153, 37, 165, 171, 47, 54, 55, 57, 58, 188, 191, 64, 65, 197, 198, 72, 202, 75, 76, 206, 207, 80, 82, 211, 218, 92, 221, 222, 225, 227, 230, 232, 109, 240, 116, 246, 247, 248, 125]
24:[4, 5, 6, 7, 8, 202, 75, 76, 15, 207, 17, 81, 19, 20, 21, 22, 23, 218, 225, 37, 171, 109, 47, 49, 246, 55, 247, 248, 57, 58, 187]
25:[128, 129, 4, 5, 133, 6, 134, 7, 8, 13, 15, 16, 17, 146, 19, 147, 20, 21, 149, 22, 23, 25, 29, 32, 37, 165, 171, 174, 47, 49, 51, 179, 54, 182, 55, 183, 184, 57, 58, 59, 187, 62, 190, 63, 64, 194, 67, 197, 199, 72, 202, 75, 76, 204, 78, 206, 207, 80, 208, 81, 209, 87, 218, 92, 94, 224, 225, 99, 227, 232, 234, 109, 239, 112, 242, 115, 246, 119, 247, 248]
26:[32, 4, 198, 13, 78, 47, 111, 114, 19, 53, 85, 246, 247, 248, 26, 27, 29]
27:[4, 132, 5, 6, 7, 8, 137, 11, 13, 16, 144, 17, 145, 19, 148, 149, 26, 154, 27, 155, 28, 29, 157, 30, 159, 32, 160, 37, 165, 169, 171, 46, 47, 52, 53, 54, 55, 184, 57, 58, 60, 189, 190, 67, 198, 200, 202, 75, 76, 78, 80, 209, 82, 211, 85, 91, 92, 222, 96, 225, 99, 227, 230, 109, 111, 239, 112, 114, 242, 246, 247, 248]
28:[32, 161, 34, 4, 165, 229, 6, 102, 198, 168, 109, 111, 143, 19, 247, 56, 248, 58, 27, 28, 60, 29]
29:[256, 4, 5, 6, 7, 8, 11, 13, 14, 15, 16, 17, 19, 25, 26, 27, 28, 29, 30, 32, 37, 46, 47, 52, 53, 54, 55, 57, 58, 60, 67, 72, 75, 76, 77, 78, 80, 82, 85, 86, 88, 91, 92, 96, 98, 99, 100, 106, 109, 111, 112, 114, 117, 118, 119, 122, 123, 129, 132, 133, 137, 144, 145, 148, 149, 154, 155, 157, 159, 160, 165, 169, 171, 182, 184, 187, 189, 190, 197, 198, 200, 202, 206, 208, 209, 211, 222, 225, 227, 230, 232, 237, 239, 242, 246, 247, 248, 252]
30:[32, 4, 132, 198, 8, 75, 76, 82, 19, 246, 55, 247, 248, 27, 29, 30]
31:[32, 19, 4, 198, 247, 57, 58, 31]
32:[256, 4, 5, 6, 7, 8, 11, 13, 14, 15, 16, 17, 19, 25, 26, 27, 28, 29, 30, 31, 32, 37, 44, 46, 47, 52, 53, 54, 55, 57, 58, 60, 67, 72, 75, 76, 77, 78, 80, 82, 85, 86, 88, 91, 92, 96, 98, 99, 100, 101, 106, 109, 111, 112, 114, 117, 118, 119, 122, 123, 129, 132, 133, 137, 144, 145, 148, 149, 154, 155, 157, 159, 160, 165, 169, 171, 182, 184, 187, 189, 190, 197, 198, 200, 202, 206, 208, 209, 211, 222, 225, 227, 230, 232, 237, 239, 242, 246, 247, 248, 252]
33:[4, 5, 133, 6, 7, 8, 13, 14, 15, 17, 19, 148, 33, 169, 43, 174, 47, 55, 184, 57, 58, 61, 197, 198, 73, 201, 75, 76, 205, 79, 80, 218, 91, 219, 92, 222, 225, 227, 103, 232, 105, 109, 239, 242, 246, 247, 248, 125, 127]
34:[161, 34, 19, 4, 229, 102, 198, 247, 56, 28, 60]
35:[4, 133, 198, 7, 8, 72, 75, 76, 140, 13, 14, 15, 16, 80, 17, 19, 147, 212, 149, 150, 91, 92, 221, 222, 159, 225, 227, 232, 170, 171, 109, 47, 246, 55, 247, 248, 57, 58]
36:[3]
37:[2, 4, 5, 6, 7, 8, 9, 11, 13, 14, 15, 16, 17, 19, 20, 21, 22, 23, 24, 25, 27, 29, 32, 37, 39, 40, 43, 45, 46, 47, 48, 49, 50, 52, 53, 54, 55, 57, 58, 59, 63, 64, 65, 67, 69, 72, 75, 76, 78, 80, 81, 82, 83, 84, 85, 89, 91, 92, 93, 100, 101, 103, 105, 108, 109, 112, 116, 119, 120, 121, 122, 125, 126, 127, 128, 130, 131, 132, 133, 134, 135, 137, 144, 145, 147, 148, 149, 150, 153, 157, 159, 160, 163, 164, 165, 169, 170, 171, 172, 173, 174, 182, 184, 186, 188, 189, 190, 191, 195, 197, 198, 199, 200, 202, 206, 207, 208, 209, 211, 217, 218, 219, 221, 222, 223, 224, 225, 227, 230, 232, 236, 239, 240, 241, 242, 246, 247, 248]
38:[247]
39:[19, 4, 37, 165, 6, 166, 247, 248]
40:[4, 196, 5, 133, 6, 7, 8, 9, 11, 75, 76, 13, 15, 16, 17, 19, 89, 92, 225, 37, 40, 232, 41, 42, 235, 109, 47, 113, 246, 55, 247, 248, 58, 125]
41:[4, 246, 247, 40, 41, 42, 11, 13, 47]
42:[4, 198, 7, 8, 10, 11, 75, 139, 76, 13, 15, 16, 17, 19, 148, 150, 91, 92, 225, 40, 41, 42, 235, 47, 177, 246, 55, 247, 248, 58]
43:[4, 5, 133, 197, 6, 198, 7, 8, 72, 75, 76, 15, 16, 80, 144, 17, 19, 83, 149, 86, 89, 218, 92, 222, 33, 164, 37, 165, 167, 170, 171, 47, 242, 51, 246, 55, 183, 247, 248, 58]
44:[32, 19, 4, 198, 247, 44]
45:[4, 37, 133, 7, 8, 75, 76, 45, 109, 19, 246, 55, 247, 248, 58, 92]
46:[2, 4, 132, 5, 133, 6, 134, 7, 8, 138, 13, 14, 15, 16, 144, 17, 145, 19, 153, 154, 27, 155, 29, 159, 32, 162, 163, 164, 37, 165, 169, 170, 46, 47, 49, 177, 51, 53, 54, 55, 57, 58, 187, 188, 62, 190, 63, 67, 197, 73, 202, 75, 76, 78, 79, 80, 208, 82, 83, 211, 84, 85, 89, 218, 91, 92, 221, 94, 222, 225, 227, 100, 230, 103, 232, 105, 109, 111, 239, 112, 242, 116, 246, 247, 248, 125]
47:[2, 4, 5, 6, 7, 8, 9, 10, 11, 12, 13, 14, 15, 16, 17, 18, 19, 20, 21, 22, 23, 24, 25, 26, 27, 29, 32, 33, 35, 37, 40, 41, 42, 43, 46, 47, 48, 49, 50, 51, 52, 53, 54, 55, 57, 58, 59, 61, 62, 63, 64, 65, 66, 67, 68, 69, 71, 72, 73, 74, 75, 76, 78, 79, 80, 81, 82, 83, 84, 85, 86, 87, 89, 90, 91, 92, 94, 95, 97, 99, 100, 101, 103, 105, 106, 109, 111, 112, 113, 114, 115, 116, 119, 120, 121, 124, 125, 126, 127, 128, 129, 130, 132, 133, 134, 135, 136, 137, 138, 139, 140, 141, 144, 145, 146, 147, 148, 149, 150, 151, 153, 154, 155, 158, 159, 160, 162, 163, 164, 165, 166, 167, 169, 170, 171, 173, 174, 175, 176, 177, 179, 181, 182, 183, 184, 187, 188, 190, 191, 192, 193, 194, 195, 196, 197, 198, 199, 200, 201, 202, 204, 205, 206, 207, 208, 209, 211, 215, 216, 217, 218, 219, 221, 222, 224, 225, 226, 227, 228, 230, 232, 233, 234, 235, 236, 239, 240, 241, 242, 246, 247, 248]
48:[4, 37, 7, 8, 75, 76, 236, 15, 47, 49, 19, 149, 246, 55, 247, 248, 58, 218, 92, 222, 63]
49:[2, 4, 5, 6, 7, 8, 13, 15, 16, 144, 17, 19, 21, 149, 24, 25, 153, 164, 37, 165, 169, 46, 47, 48, 49, 52, 55, 57, 58, 188, 63, 199, 72, 202, 75, 76, 206, 80, 217, 218, 92, 221, 222, 225, 227, 105, 236, 109, 242, 246, 247, 248]
50:[225, 227, 4, 37, 8, 201, 76, 15, 47, 80, 81, 19, 51, 246, 55, 247, 248, 58, 218, 92, 222, 63]
51:[2, 4, 5, 133, 197, 6, 7, 8, 202, 75, 76, 13, 206, 16, 80, 144, 17, 81, 19, 21, 25, 217, 92, 222, 225, 227, 103, 232, 43, 171, 109, 46, 47, 239, 50, 52, 246, 55, 247, 248, 58, 125, 63]
52:[4, 133, 198, 7, 8, 73, 202, 75, 76, 13, 78, 16, 17, 19, 211, 27, 91, 92, 29, 32, 225, 37, 230, 47, 112, 49, 51, 52, 246, 55, 247, 120, 248, 121, 58, 189]
53:[4, 5, 6, 198, 8, 137, 76, 13, 78, 16, 144, 17, 209, 19, 85, 149, 26, 154, 27, 29, 32, 37, 165, 169, 109, 46, 47, 111, 112, 242, 53, 54, 246, 55, 247, 184, 248, 57, 58, 189]
54:[129, 2, 130, 4, 132, 5, 133, 6, 7, 8, 9, 137, 138, 13, 141, 14, 15, 16, 17, 145, 19, 147, 148, 149, 22, 150, 23, 25, 153, 27, 155, 29, 157, 159, 32, 160, 37, 165, 171, 46, 174, 47, 53, 54, 182, 55, 183, 184, 57, 58, 187, 61, 62, 190, 191, 66, 67, 195, 69, 70, 198, 72, 201, 202, 75, 203, 76, 204, 205, 78, 206, 80, 209, 89, 218, 91, 92, 222, 95, 224, 225, 227, 228, 103, 232, 109, 237, 239, 112, 242, 116, 246, 247, 248, 122, 125]
55:[2, 4, 5, 6, 7, 8, 9, 10, 11, 12, 13, 14, 15, 16, 17, 18, 19, 20, 21, 22, 23, 24, 25, 27, 29, 30, 32, 33, 35, 37, 40, 42, 43, 45, 46, 47, 48, 49, 50, 51, 52, 53, 54, 55, 57, 58, 59, 61, 62, 63, 64, 65, 66, 67, 68, 69, 70, 71, 72, 74, 75, 76, 78, 79, 80, 81, 82, 83, 85, 86, 87, 88, 89, 90, 91, 92, 93, 94, 95, 96, 97, 99, 103, 105, 106, 108, 109, 110, 111, 112, 113, 114, 115, 116, 119, 120, 121, 122, 125, 126, 127, 128, 129, 130, 131, 132, 133, 134, 135, 136, 137, 138, 139, 140, 141, 144, 145, 146, 147, 148, 149, 150, 151, 153, 154, 155, 156, 157, 158, 159, 160, 162, 163, 164, 165, 166, 167, 169, 170, 171, 173, 174, 176, 177, 178, 179, 181, 182, 183, 184, 186, 187, 188, 189, 190, 191, 192, 193, 194, 195, 196, 197, 198, 199, 201, 202, 203, 204, 205, 206, 207, 208, 209, 211, 212, 213, 216, 217, 218, 219, 221, 222, 223, 224, 225, 226, 227, 228, 230, 232, 234, 235, 236, 237, 238, 239, 240, 241, 242, 243, 246, 247, 248, 252, 256]
56:[34, 4, 229, 247, 28]
57:[2, 4, 5, 6, 7, 8, 9, 13, 15, 16, 17, 18, 19, 20, 21, 22, 23, 24, 25, 27, 29, 31, 32, 33, 35, 37, 46, 47, 49, 53, 54, 55, 57, 58, 59, 62, 63, 67, 68, 69, 72, 74, 75, 76, 78, 80, 81, 83, 84, 85, 86, 87, 89, 91, 92, 94, 95, 99, 100, 103, 105, 108, 109, 112, 116, 119, 121, 125, 129, 133, 134, 135, 138, 140, 144, 145, 146, 147, 148, 149, 150, 155, 159, 163, 164, 165, 169, 170, 171, 173, 176, 178, 181, 182, 183, 188, 190, 194, 195, 198, 199, 202, 205, 208, 209, 211, 217, 221, 222, 225, 226, 227, 230, 236, 240, 242, 246, 247, 248]
58:[2, 4, 5, 6, 7, 8, 9, 11, 12, 13, 14, 15, 16, 17, 18, 19, 20, 21, 22, 23, 24, 25, 27, 28, 29, 31, 32, 33, 35, 37, 40, 42, 43, 45, 46, 47, 48, 49, 50, 51, 52, 53, 54, 55, 57, 58, 59, 62, 63, 67, 68, 69, 71, 72, 73, 74, 75, 76, 78, 80, 81, 82, 83, 84, 85, 86, 87, 89, 90, 91, 92, 94, 95, 97, 99, 100, 103, 104, 105, 108, 109, 110, 111, 112, 113, 115, 116, 119, 121, 125, 127, 128, 129, 130, 132, 133, 134, 135, 137, 138, 140, 144, 145, 146, 147, 148, 149, 150, 153, 154, 155, 159, 160, 162, 163, 164, 165, 166, 167, 169, 170, 171, 173, 174, 176, 177, 178, 179, 181, 182, 183, 184, 187, 188, 189, 190, 191, 194, 195, 197, 198, 199, 200, 201, 202, 205, 206, 208, 209, 211, 217, 218, 221, 222, 224, 225, 226, 227, 230, 231, 232, 233, 235, 236, 239, 240, 241, 242, 246, 247, 248]
59:[4, 5, 133, 6, 7, 8, 202, 75, 76, 13, 206, 16, 17, 19, 25, 92, 221, 222, 225, 37, 103, 232, 109, 47, 240, 246, 55, 247, 248, 57, 58, 188]
60:[32, 161, 34, 4, 229, 198, 168, 111, 19, 247, 27, 28, 60, 29]
61:[66, 130, 67, 4, 133, 198, 7, 8, 137, 75, 76, 140, 13, 141, 14, 15, 19, 148, 149, 150, 218, 91, 92, 160, 33, 225, 232, 47, 239, 54, 246, 55, 247, 184, 248, 125, 190, 191]
62:[4, 133, 6, 134, 7, 135, 8, 137, 138, 11, 140, 13, 14, 15, 16, 17, 18, 19, 147, 148, 149, 150, 25, 155, 159, 164, 170, 171, 173, 46, 47, 181, 54, 182, 55, 183, 184, 57, 58, 62, 195, 69, 197, 198, 71, 72, 200, 74, 202, 75, 76, 205, 206, 80, 85, 87, 91, 92, 222, 225, 227, 232, 109, 239, 242, 246, 119, 247, 248, 121, 125, 127]
63:[128, 4, 5, 133, 6, 134, 7, 8, 138, 140, 13, 15, 16, 144, 17, 19, 20, 148, 21, 149, 150, 25, 163, 164, 37, 165, 167, 169, 170, 171, 46, 47, 175, 48, 49, 50, 51, 55, 183, 57, 58, 187, 188, 63, 197, 198, 199, 72, 201, 202, 75, 76, 205, 206, 80, 209, 83, 211, 85, 86, 89, 218, 91, 92, 221, 222, 225, 226, 227, 230, 103, 232, 105, 236, 109, 239, 240, 246, 119, 247, 248, 126]
64:[65, 129, 2, 4, 37, 8, 47, 19, 22, 246, 23, 55, 247, 248, 25, 217, 92]
65:[64, 129, 4, 37, 8, 75, 76, 15, 47, 81, 19, 21, 22, 246, 23, 55, 247, 248, 218, 187]
66:[66, 67, 4, 8, 137, 75, 76, 15, 47, 19, 148, 54, 150, 246, 55, 247, 248, 91, 61, 125, 190]
67:[130, 4, 132, 5, 133, 6, 7, 8, 137, 138, 13, 141, 14, 15, 16, 17, 145, 19, 147, 148, 149, 150, 25, 27, 155, 29, 159, 32, 160, 37, 165, 171, 46, 174, 47, 54, 182, 55, 183, 184, 57, 58, 187, 61, 190, 191, 66, 67, 195, 69, 70, 198, 72, 201, 75, 203, 76, 204, 205, 78, 206, 80, 209, 218, 91, 92, 222, 224, 225, 227, 228, 103, 232, 109, 239, 112, 242, 246, 247, 248, 122, 125]
68:[195, 227, 4, 69, 6, 8, 72, 169, 74, 170, 171, 76, 47, 80, 242, 19, 182, 246, 55, 247, 248, 57, 58, 125]
69:[4, 133, 6, 7, 8, 137, 138, 11, 14, 15, 16, 17, 146, 19, 148, 149, 150, 155, 159, 37, 165, 169, 170, 171, 174, 47, 176, 181, 54, 182, 55, 183, 57, 58, 62, 190, 67, 195, 68, 69, 197, 72, 200, 74, 75, 76, 79, 80, 89, 91, 92, 221, 94, 222, 225, 227, 103, 232, 109, 239, 242, 246, 247, 248, 125]
70:[225, 67, 4, 133, 7, 8, 137, 75, 203, 76, 54, 246, 55, 247, 184, 92, 190, 159]
71:[4, 197, 7, 71, 135, 8, 72, 75, 76, 13, 79, 80, 19, 147, 148, 149, 91, 155, 92, 225, 227, 103, 232, 171, 109, 47, 182, 246, 55, 183, 247, 248, 58, 62]
72:[2, 4, 5, 6, 7, 8, 11, 12, 13, 14, 15, 16, 17, 18, 19, 20, 21, 23, 25, 29, 32, 35, 37, 43, 47, 49, 54, 55, 57, 58, 62, 63, 67, 68, 69, 71, 72, 74, 75, 76, 78, 79, 80, 85, 87, 89, 91, 92, 95, 103, 105, 108, 109, 113, 119, 125, 127, 129, 133, 134, 135, 137, 140, 144, 146, 147, 148, 149, 150, 155, 159, 164, 165, 169, 170, 171, 172, 176, 179, 182, 183, 184, 188, 190, 197, 198, 199, 202, 205, 206, 209, 214, 217, 218, 221, 222, 225, 226, 227, 232, 239, 240, 242, 246, 247, 248]
73:[256, 33, 4, 198, 13, 46, 47, 16, 17, 19, 52, 247, 248, 58, 252]
74:[195, 4, 68, 69, 133, 197, 6, 7, 8, 72, 200, 74, 11, 75, 76, 79, 16, 80, 17, 146, 19, 148, 149, 150, 91, 92, 221, 222, 225, 227, 103, 232, 169, 171, 109, 174, 47, 239, 242, 246, 55, 183, 247, 248, 57, 58, 125, 62]
75:[4, 5, 6, 7, 8, 9, 10, 11, 12, 13, 14, 15, 16, 17, 18, 19, 21, 22, 23, 24, 25, 27, 29, 30, 32, 33, 35, 37, 40, 42, 43, 45, 46, 47, 48, 49, 51, 52, 54, 55, 57, 58, 59, 61, 62, 63, 65, 66, 67, 69, 70, 71, 72, 74, 75, 76, 80, 81, 83, 85, 86, 87, 90, 91, 92, 94, 95, 97, 103, 105, 108, 109, 110, 115, 119, 120, 121, 125, 127, 129, 130, 132, 133, 134, 135, 137, 138, 140, 141, 144, 146, 147, 148, 149, 150, 151, 153, 155, 160, 162, 163, 164, 165, 166, 167, 169, 170, 171, 174, 176, 177, 178, 179, 181, 182, 183, 184, 187, 188, 190, 191, 192, 194, 195, 197, 198, 199, 201, 202, 204, 205, 206, 208, 209, 211, 218, 219, 222, 224, 225, 227, 228, 230, 235, 236, 238, 240, 241, 242, 246, 247, 248]
76:[4, 5, 6, 7, 8, 9, 10, 11, 12, 13, 14, 15, 16, 17, 18, 19, 21, 22, 23, 24, 25, 27, 29, 30, 32, 33, 35, 37, 40, 42, 43, 45, 46, 47, 48, 49, 50, 51, 52, 53, 54, 55, 57, 58, 59, 61, 62, 63, 65, 66, 67, 68, 69, 70, 71, 72, 74, 75, 76, 78, 80, 81, 83, 85, 86, 87, 90, 91, 92, 94, 95, 96, 97, 99, 103, 105, 108, 109, 110, 111, 112, 114, 115, 119, 120, 121, 122, 125, 127, 129, 130, 132, 133, 134, 135, 137, 138, 140, 141, 144, 145, 146, 147, 148, 149, 150, 151, 153, 154, 155, 156, 159, 160, 162, 163, 164, 165, 166, 167, 169, 170, 171, 174, 176, 177, 178, 179, 181, 182, 183, 184, 186, 187, 188, 189, 190, 191, 192, 193, 194, 195, 197, 198, 199, 201, 202, 204, 205, 206, 207, 208, 209, 211, 212, 218, 219, 221, 222, 224, 225, 227, 228, 230, 232, 235, 236, 237, 238, 239, 240, 241, 242, 246, 247, 248]
77:[32, 19, 4, 198, 247, 248, 29, 77, 78]
78:[256, 129, 4, 132, 5, 133, 6, 7, 8, 137, 13, 14, 15, 16, 17, 19, 149, 25, 26, 154, 27, 29, 157, 159, 32, 160, 37, 165, 171, 46, 47, 52, 53, 54, 182, 55, 184, 57, 58, 187, 190, 67, 197, 198, 72, 76, 77, 78, 206, 80, 208, 209, 86, 88, 92, 225, 98, 227, 232, 106, 109, 237, 239, 112, 114, 242, 117, 118, 246, 119, 247, 248, 122, 123, 252]
79:[4, 69, 197, 6, 134, 198, 71, 135, 199, 72, 74, 15, 79, 80, 18, 19, 147, 33, 171, 46, 47, 242, 182, 246, 55, 119, 183, 247, 248]
80:[2, 4, 5, 6, 7, 8, 10, 11, 13, 14, 15, 16, 17, 18, 19, 21, 22, 23, 25, 27, 29, 32, 33, 35, 37, 43, 46, 47, 49, 50, 51, 54, 55, 57, 58, 62, 63, 67, 68, 69, 71, 72, 74, 75, 76, 78, 79, 80, 81, 82, 83, 85, 87, 90, 91, 92, 94, 95, 103, 105, 109, 112, 113, 115, 119, 121, 125, 127, 128, 129, 130, 133, 134, 135, 136, 137, 138, 141, 144, 145, 146, 147, 149, 150, 151, 155, 159, 162, 165, 166, 167, 169, 170, 171, 176, 177, 181, 182, 183, 184, 187, 190, 191, 193, 194, 195, 197, 198, 199, 201, 202, 205, 206, 207, 208, 209, 211, 217, 218, 219, 222, 225, 226, 227, 230, 232, 236, 239, 241, 242, 246, 247, 248]
81:[65, 4, 197, 7, 8, 202, 75, 76, 13, 14, 206, 15, 207, 16, 80, 17, 81, 82, 19, 20, 21, 149, 24, 25, 218, 92, 221, 222, 225, 227, 37, 167, 232, 171, 172, 109, 47, 50, 51, 246, 55, 247, 248, 57, 58, 125]
82:[4, 132, 5, 6, 198, 9, 202, 13, 15, 16, 80, 17, 81, 209, 82, 19, 23, 27, 29, 30, 32, 160, 227, 37, 46, 47, 246, 55, 247, 248, 58]
83:[4, 5, 133, 6, 134, 7, 8, 202, 75, 76, 13, 15, 16, 80, 17, 19, 83, 211, 92, 221, 222, 225, 163, 227, 164, 37, 165, 230, 103, 232, 105, 169, 43, 108, 109, 46, 47, 176, 242, 246, 55, 247, 248, 57, 58, 187, 63, 127]
84:[4, 164, 37, 165, 6, 230, 171, 13, 109, 46, 47, 16, 240, 17, 242, 19, 211, 247, 248, 57, 58, 221, 222]
85:[2, 4, 132, 5, 133, 6, 8, 140, 13, 15, 16, 144, 17, 145, 19, 148, 150, 26, 27, 29, 32, 164, 37, 165, 169, 170, 171, 46, 47, 177, 53, 182, 55, 57, 58, 189, 62, 63, 197, 72, 202, 75, 76, 80, 209, 211, 85, 89, 217, 91, 92, 221, 222, 225, 227, 100, 230, 103, 109, 111, 240, 242, 246, 247, 248]
86:[2, 4, 5, 133, 6, 134, 7, 8, 75, 76, 13, 78, 16, 144, 17, 19, 211, 86, 150, 90, 91, 92, 29, 221, 222, 32, 225, 226, 164, 230, 103, 232, 43, 236, 109, 47, 112, 242, 116, 246, 55, 247, 248, 57, 58, 188, 125, 63]
87:[2, 4, 5, 133, 6, 134, 7, 135, 8, 140, 13, 15, 16, 17, 18, 146, 19, 148, 149, 150, 25, 165, 169, 171, 47, 182, 55, 57, 58, 62, 197, 198, 199, 72, 202, 75, 76, 206, 80, 87, 217, 91, 92, 221, 222, 225, 227, 103, 232, 105, 109, 242, 246, 119, 247, 248, 125, 127]
88:[32, 160, 4, 198, 78, 19, 246, 55, 247, 88, 184, 248, 29]
89:[128, 129, 4, 5, 133, 6, 7, 8, 9, 137, 138, 11, 12, 13, 16, 144, 17, 19, 148, 21, 153, 162, 163, 37, 165, 40, 43, 46, 47, 176, 54, 55, 184, 57, 58, 187, 188, 63, 192, 193, 195, 69, 198, 72, 202, 211, 85, 90, 91, 222, 95, 226, 230, 103, 109, 240, 242, 246, 247, 248, 125]
90:[4, 133, 6, 7, 8, 75, 76, 13, 205, 15, 80, 19, 149, 86, 89, 218, 92, 222, 225, 227, 47, 242, 246, 55, 247, 248, 58]
91:[4, 5, 6, 7, 8, 10, 11, 13, 14, 15, 16, 17, 19, 27, 29, 32, 33, 35, 37, 42, 46, 47, 52, 54, 55, 57, 58, 61, 62, 63, 66, 67, 69, 71, 72, 74, 75, 76, 80, 85, 86, 87, 89, 91, 92, 95, 99, 103, 108, 109, 113, 119, 121, 125, 130, 132, 133, 135, 137, 138, 139, 141, 146, 147, 148, 149, 150, 151, 155, 159, 160, 163, 164, 165, 166, 171, 174, 176, 181, 182, 183, 184, 187, 190, 191, 192, 195, 198, 199, 200, 201, 202, 204, 205, 208, 211, 212, 213, 214, 215, 218, 222, 225, 227, 228, 230, 232, 235, 239, 240, 241, 242, 246, 247, 248]
92:[2, 4, 5, 6, 7, 8, 9, 10, 11, 12, 13, 14, 15, 16, 17, 18, 19, 20, 21, 22, 23, 25, 27, 29, 32, 33, 35, 37, 40, 42, 43, 45, 46, 47, 48, 49, 50, 51, 52, 54, 55, 57, 58, 59, 61, 62, 63, 64, 67, 69, 70, 71, 72, 74, 75, 76, 78, 80, 81, 83, 85, 86, 87, 90, 91, 92, 93, 94, 95, 97, 99, 103, 105, 108, 109, 110, 111, 112, 113, 115, 116, 119, 120, 121, 122, 125, 127, 128, 129, 130, 131, 133, 134, 135, 136, 137, 138, 140, 141, 144, 146, 147, 148, 149, 150, 151, 153, 154, 155, 158, 159, 160, 162, 163, 164, 165, 166, 167, 169, 170, 171, 174, 176, 178, 181, 182, 183, 184, 186, 187, 188, 190, 191, 192, 193, 194, 195, 196, 197, 198, 199, 201, 202, 204, 205, 206, 207, 208, 209, 211, 213, 216, 217, 218, 222, 224, 225, 226, 227, 228, 230, 232, 234, 235, 236, 237, 238, 239, 240, 242, 243, 246, 247, 248]
93:[19, 4, 37, 246, 55, 247, 8, 92, 94]
94:[4, 5, 133, 6, 7, 8, 11, 13, 14, 15, 16, 144, 17, 19, 21, 149, 25, 159, 164, 165, 171, 46, 47, 55, 184, 57, 58, 195, 69, 197, 200, 202, 75, 76, 206, 80, 218, 92, 93, 221, 222, 225, 232, 109, 239, 246, 247, 248, 125, 127]
95:[2, 4, 5, 133, 6, 7, 8, 137, 11, 13, 15, 16, 17, 19, 147, 148, 150, 164, 165, 170, 171, 47, 54, 182, 55, 183, 57, 58, 198, 72, 200, 202, 75, 76, 205, 80, 89, 217, 91, 92, 221, 95, 225, 227, 232, 109, 246, 247, 248, 125]
96:[32, 96, 4, 132, 198, 8, 76, 19, 246, 55, 247, 248, 27, 29]
97:[97, 4, 133, 7, 8, 75, 76, 13, 47, 211, 246, 55, 247, 58, 92]
98:[32, 98, 19, 4, 198, 247, 248, 29, 78]
99:[4, 132, 6, 8, 76, 13, 206, 19, 211, 148, 21, 150, 25, 27, 91, 92, 29, 221, 222, 32, 225, 165, 230, 170, 171, 172, 109, 47, 246, 55, 247, 57, 121, 58, 186]
100:[4, 5, 6, 198, 202, 13, 16, 17, 19, 85, 29, 32, 37, 165, 166, 171, 109, 46, 47, 114, 242, 246, 247, 248, 57, 58]
101:[32, 256, 19, 4, 37, 166, 198, 247, 248, 252, 13, 47]
102:[34, 19, 4, 102, 198, 247, 28]
103:[4, 5, 133, 6, 134, 7, 135, 8, 9, 137, 138, 13, 14, 15, 16, 144, 17, 18, 146, 19, 147, 148, 149, 150, 155, 159, 160, 33, 163, 37, 165, 171, 46, 47, 176, 51, 54, 182, 55, 183, 57, 58, 59, 187, 190, 63, 67, 69, 197, 198, 71, 199, 72, 74, 202, 75, 76, 80, 209, 83, 211, 85, 86, 87, 89, 218, 91, 92, 222, 225, 227, 230, 103, 109, 239, 113, 242, 246, 119, 247, 248, 125]
104:[16, 17, 4, 247, 105, 58, 138, 202, 109]
105:[4, 5, 133, 6, 7, 8, 138, 13, 15, 16, 144, 17, 19, 149, 150, 33, 163, 164, 37, 165, 46, 47, 49, 177, 55, 57, 58, 188, 63, 72, 202, 75, 76, 80, 209, 83, 211, 87, 218, 92, 221, 222, 225, 227, 230, 104, 232, 105, 109, 242, 246, 247, 248]
106:[32, 4, 198, 106, 13, 78, 47, 112, 19, 246, 55, 247, 184, 248, 29]
107:[247]
108:[4, 5, 6, 7, 8, 72, 75, 76, 16, 208, 17, 209, 19, 83, 147, 149, 91, 92, 221, 222, 224, 225, 37, 165, 171, 108, 172, 109, 173, 240, 242, 246, 55, 247, 248, 57, 121, 58]
109:[4, 5, 6, 7, 8, 9, 11, 13, 15, 16, 17, 18, 19, 22, 23, 24, 25, 27, 28, 29, 32, 33, 35, 37, 40, 45, 46, 47, 49, 51, 53, 54, 55, 57, 58, 59, 62, 63, 67, 69, 71, 72, 74, 75, 76, 78, 80, 81, 83, 84, 85, 86, 87, 89, 91, 92, 94, 95, 99, 100, 103, 104, 105, 108, 109, 110, 111, 113, 115, 119, 125, 129, 132, 133, 134, 135, 137, 138, 140, 144, 145, 146, 147, 149, 150, 153, 154, 155, 159, 164, 165, 166, 167, 169, 170, 171, 176, 178, 179, 181, 182, 183, 184, 188, 190, 194, 195, 198, 199, 202, 206, 208, 209, 211, 221, 222, 224, 225, 226, 227, 230, 233, 236, 239, 240, 242, 246, 247, 248]
110:[225, 4, 5, 6, 7, 8, 201, 138, 75, 76, 109, 15, 242, 19, 246, 55, 247, 248, 58, 92]
111:[4, 198, 7, 8, 76, 16, 17, 145, 19, 211, 85, 26, 27, 28, 92, 29, 32, 109, 46, 47, 111, 53, 246, 55, 247, 184, 248, 58, 60]
112:[256, 129, 4, 132, 5, 6, 7, 8, 13, 16, 17, 19, 149, 25, 154, 27, 29, 32, 37, 165, 171, 46, 47, 52, 53, 54, 55, 184, 57, 58, 190, 67, 198, 76, 78, 206, 80, 209, 86, 92, 225, 227, 106, 237, 239, 112, 246, 247, 248, 122, 252]
113:[4, 133, 8, 72, 11, 13, 80, 19, 153, 91, 92, 221, 222, 227, 164, 103, 40, 109, 47, 246, 55, 119, 247, 120, 121, 58]
114:[32, 4, 100, 132, 198, 8, 76, 13, 78, 47, 114, 19, 246, 55, 247, 248, 26, 27, 29]
115:[227, 4, 5, 133, 6, 230, 8, 75, 76, 109, 206, 47, 16, 80, 17, 19, 211, 246, 55, 247, 25, 58, 92, 222]
116:[4, 6, 8, 137, 202, 13, 16, 144, 17, 19, 211, 22, 86, 23, 92, 222, 163, 37, 230, 171, 46, 47, 242, 54, 246, 55, 247, 248, 57, 58]
117:[32, 256, 4, 117, 247, 252, 29, 78]
118:[32, 19, 4, 118, 198, 247, 248, 29, 78]
119:[2, 4, 5, 133, 6, 134, 7, 135, 8, 11, 12, 140, 13, 14, 15, 18, 146, 19, 147, 20, 148, 21, 149, 150, 25, 29, 32, 164, 37, 165, 170, 171, 47, 182, 55, 183, 57, 58, 188, 62, 63, 197, 198, 199, 72, 75, 76, 78, 206, 79, 80, 209, 214, 87, 217, 218, 91, 92, 221, 222, 225, 227, 103, 232, 109, 239, 113, 242, 246, 119, 247, 248, 125]
120:[225, 130, 4, 37, 166, 7, 8, 232, 75, 76, 13, 14, 15, 47, 113, 19, 52, 246, 55, 247, 248, 92, 125, 191]
121:[130, 4, 133, 7, 8, 13, 14, 15, 19, 149, 150, 151, 159, 37, 166, 171, 47, 52, 55, 184, 57, 58, 62, 191, 201, 75, 76, 205, 80, 208, 211, 218, 91, 92, 222, 225, 99, 227, 230, 232, 108, 240, 113, 241, 246, 247, 248, 121, 125]
122:[67, 4, 198, 7, 8, 76, 78, 209, 19, 149, 92, 29, 32, 225, 37, 237, 239, 112, 54, 246, 55, 247, 248, 122, 190]
123:[32, 19, 4, 198, 247, 248, 123, 29, 78]
124:[4, 247, 47]
125:[4, 5, 6, 7, 8, 10, 11, 12, 13, 14, 15, 16, 17, 18, 19, 21, 22, 23, 33, 37, 40, 46, 47, 51, 54, 55, 57, 58, 61, 62, 66, 67, 68, 69, 72, 74, 75, 76, 80, 81, 86, 87, 89, 91, 92, 94, 95, 103, 109, 119, 120, 121, 125, 129, 130, 133, 135, 137, 139, 140, 141, 146, 147, 148, 149, 150, 151, 159, 160, 162, 165, 167, 170, 171, 174, 177, 182, 184, 187, 188, 190, 191, 192, 195, 197, 198, 199, 202, 205, 209, 212, 218, 219, 222, 225, 227, 228, 232, 241, 242, 246, 247, 248]
126:[128, 129, 4, 37, 13, 15, 47, 19, 21, 246, 55, 247, 248, 218, 187, 63]
127:[130, 4, 5, 133, 6, 134, 7, 135, 8, 13, 14, 15, 146, 19, 147, 149, 150, 33, 37, 165, 170, 171, 174, 47, 55, 58, 187, 62, 191, 198, 72, 75, 76, 80, 83, 211, 87, 92, 94, 222, 225, 227, 232, 239, 240, 242, 246, 247, 248, 127]
128:[128, 129, 4, 8, 15, 80, 19, 21, 25, 89, 218, 92, 222, 227, 37, 171, 47, 246, 55, 247, 248, 58, 187, 126, 63]
129:[128, 131, 4, 5, 133, 6, 7, 8, 137, 13, 15, 16, 17, 19, 147, 21, 25, 29, 32, 160, 163, 165, 169, 171, 172, 47, 54, 55, 57, 58, 64, 65, 197, 72, 202, 75, 76, 78, 206, 80, 211, 89, 218, 92, 221, 222, 225, 227, 232, 109, 112, 246, 247, 248, 125, 126]
130:[130, 67, 4, 197, 7, 8, 137, 201, 75, 76, 13, 205, 15, 80, 19, 149, 23, 151, 218, 91, 92, 222, 160, 225, 227, 37, 232, 169, 170, 174, 47, 240, 54, 246, 55, 247, 120, 184, 121, 58, 61, 125, 190, 127, 191]
131:[129, 19, 4, 37, 246, 55, 247, 8, 92]
132:[67, 4, 132, 6, 198, 7, 8, 202, 75, 76, 13, 78, 16, 17, 145, 209, 82, 19, 148, 85, 27, 91, 29, 30, 32, 96, 225, 99, 37, 165, 109, 46, 47, 239, 112, 114, 54, 246, 55, 247, 184, 248, 58, 189, 190]
133:[4, 5, 6, 7, 8, 9, 10, 11, 12, 13, 14, 15, 16, 17, 19, 21, 22, 23, 25, 29, 32, 33, 35, 37, 40, 43, 45, 46, 47, 51, 52, 54, 55, 57, 58, 59, 61, 62, 63, 67, 69, 70, 72, 74, 75, 76, 78, 80, 83, 85, 86, 87, 89, 90, 91, 92, 94, 95, 97, 103, 105, 109, 113, 115, 119, 121, 125, 127, 129, 133, 134, 135, 137, 138, 141, 147, 148, 149, 150, 153, 155, 159, 160, 162, 165, 169, 171, 176, 178, 182, 183, 184, 186, 187, 188, 190, 192, 193, 194, 195, 197, 198, 202, 204, 206, 208, 209, 211, 216, 218, 222, 224, 225, 226, 227, 230, 232, 239, 240, 242, 246, 247, 248]
134:[2, 4, 5, 133, 6, 134, 7, 8, 138, 140, 13, 15, 144, 18, 19, 147, 22, 23, 25, 37, 165, 169, 170, 171, 46, 174, 47, 176, 55, 184, 57, 58, 187, 62, 63, 197, 198, 72, 75, 76, 206, 79, 80, 83, 86, 87, 217, 92, 221, 222, 225, 227, 103, 232, 236, 109, 239, 242, 246, 119, 247, 248, 127]
135:[4, 133, 7, 135, 8, 140, 13, 15, 18, 19, 147, 148, 149, 22, 150, 23, 37, 169, 171, 47, 176, 182, 55, 183, 57, 58, 62, 197, 198, 71, 199, 72, 75, 76, 79, 80, 87, 91, 92, 225, 227, 103, 232, 109, 246, 119, 247, 248, 125, 127]
136:[80, 227, 4, 246, 55, 247, 8, 218, 92, 15, 47]
137:[129, 2, 130, 4, 5, 133, 6, 7, 8, 9, 137, 138, 13, 141, 14, 15, 16, 17, 19, 148, 149, 22, 150, 23, 153, 27, 155, 29, 157, 159, 32, 160, 37, 165, 171, 174, 47, 53, 54, 55, 184, 58, 187, 61, 62, 190, 191, 66, 67, 195, 69, 70, 198, 72, 202, 75, 76, 204, 78, 80, 209, 89, 91, 92, 95, 224, 225, 227, 228, 103, 232, 109, 237, 239, 116, 246, 247, 248, 125]
138:[4, 5, 133, 6, 134, 7, 8, 9, 137, 138, 13, 14, 15, 16, 144, 17, 19, 149, 150, 159, 160, 164, 165, 169, 171, 46, 47, 176, 181, 54, 55, 57, 58, 187, 188, 62, 190, 63, 67, 69, 197, 198, 202, 75, 76, 80, 211, 89, 91, 92, 222, 225, 227, 230, 103, 104, 105, 236, 109, 110, 239, 242, 246, 247, 248]
139:[192, 4, 10, 42, 11, 235, 13, 14, 15, 47, 212, 150, 246, 55, 247, 91, 125]
140:[4, 134, 198, 7, 135, 199, 8, 72, 75, 76, 140, 13, 205, 15, 19, 147, 85, 149, 150, 87, 218, 92, 225, 35, 171, 236, 109, 47, 239, 176, 182, 246, 55, 119, 183, 247, 248, 57, 58, 61, 125, 62, 63]
141:[67, 4, 133, 6, 7, 8, 137, 75, 76, 141, 15, 80, 19, 148, 91, 92, 159, 225, 227, 232, 174, 47, 242, 54, 246, 55, 247, 184, 61, 125, 190]
142:[19, 4, 198, 247, 248]
143:[4, 229, 247, 28, 143]
144:[2, 4, 5, 6, 134, 8, 138, 13, 16, 144, 17, 19, 147, 23, 153, 27, 29, 32, 163, 37, 165, 167, 169, 170, 43, 46, 47, 49, 51, 53, 55, 57, 58, 187, 188, 63, 198, 72, 202, 75, 76, 80, 208, 211, 85, 86, 89, 217, 92, 94, 222, 226, 227, 230, 103, 105, 236, 109, 242, 116, 246, 247, 248]
145:[67, 4, 132, 5, 6, 198, 8, 202, 76, 13, 16, 80, 17, 145, 209, 19, 211, 85, 27, 155, 29, 222, 159, 32, 160, 227, 37, 165, 230, 171, 109, 46, 47, 111, 54, 246, 55, 247, 184, 248, 57, 58, 189, 190]
146:[4, 5, 6, 7, 8, 13, 15, 16, 17, 146, 19, 147, 148, 149, 150, 25, 155, 170, 171, 47, 176, 182, 55, 183, 57, 58, 69, 197, 198, 199, 72, 74, 202, 75, 76, 206, 80, 87, 91, 92, 221, 222, 225, 227, 103, 232, 109, 242, 246, 119, 247, 248, 125, 127]
147:[129, 4, 5, 133, 6, 134, 7, 135, 8, 140, 13, 15, 16, 144, 17, 18, 146, 19, 147, 148, 149, 150, 25, 159, 35, 164, 37, 165, 169, 170, 171, 172, 47, 176, 54, 182, 55, 183, 57, 58, 62, 190, 67, 197, 198, 71, 199, 72, 202, 75, 76, 206, 79, 80, 209, 91, 92, 221, 222, 95, 225, 227, 103, 232, 108, 109, 239, 240, 242, 246, 119, 247, 248, 125, 127]
148:[4, 132, 133, 6, 7, 135, 8, 137, 10, 11, 141, 14, 15, 16, 17, 146, 19, 147, 148, 149, 150, 27, 155, 29, 159, 32, 160, 33, 164, 37, 42, 171, 47, 176, 181, 54, 182, 55, 183, 184, 57, 58, 61, 62, 190, 63, 66, 67, 195, 69, 198, 71, 199, 72, 200, 74, 75, 76, 211, 85, 87, 89, 91, 92, 222, 95, 225, 99, 228, 230, 103, 232, 235, 239, 242, 246, 119, 247, 248, 125]
149:[2, 4, 5, 6, 7, 8, 11, 12, 13, 14, 15, 16, 17, 18, 19, 20, 21, 23, 25, 27, 29, 32, 35, 37, 43, 47, 48, 49, 53, 54, 55, 57, 58, 61, 62, 63, 67, 69, 71, 72, 74, 75, 76, 78, 80, 81, 87, 90, 91, 92, 94, 103, 105, 108, 109, 112, 119, 121, 122, 125, 127, 130, 133, 135, 137, 138, 140, 146, 147, 148, 149, 150, 153, 154, 155, 157, 159, 160, 164, 165, 169, 170, 171, 172, 173, 174, 182, 183, 184, 190, 191, 197, 198, 199, 200, 202, 205, 206, 207, 208, 209, 211, 217, 221, 222, 225, 226, 227, 230, 232, 239, 242, 246, 247, 248]
150:[4, 5, 133, 6, 7, 135, 8, 137, 10, 138, 11, 139, 12, 140, 13, 14, 15, 17, 18, 146, 19, 147, 148, 149, 150, 155, 159, 35, 164, 37, 165, 42, 171, 173, 47, 54, 182, 55, 183, 184, 57, 58, 187, 61, 62, 190, 63, 66, 67, 195, 69, 197, 198, 199, 72, 200, 74, 202, 75, 76, 80, 208, 209, 211, 85, 86, 87, 218, 91, 92, 95, 225, 99, 227, 230, 103, 232, 105, 235, 109, 239, 242, 246, 119, 247, 248, 121, 125, 127]
151:[130, 4, 7, 8, 201, 75, 76, 13, 205, 14, 15, 80, 151, 218, 91, 92, 227, 47, 241, 246, 55, 247, 121, 125, 191]
152:[247]
153:[4, 5, 133, 6, 198, 7, 8, 137, 202, 75, 76, 13, 16, 144, 17, 209, 19, 149, 22, 23, 89, 92, 221, 222, 224, 225, 37, 165, 166, 232, 170, 171, 109, 46, 47, 239, 49, 113, 242, 54, 246, 55, 247, 248, 58]
154:[4, 198, 7, 8, 200, 11, 76, 13, 78, 19, 211, 149, 154, 27, 92, 29, 157, 32, 230, 109, 46, 47, 112, 53, 246, 55, 247, 248, 58]
155:[4, 133, 7, 8, 137, 13, 15, 145, 146, 19, 148, 149, 150, 27, 155, 29, 159, 32, 160, 164, 171, 46, 47, 176, 54, 182, 55, 183, 57, 58, 189, 62, 190, 67, 195, 69, 198, 71, 72, 75, 76, 205, 80, 91, 92, 225, 227, 103, 232, 109, 239, 246, 247, 248]
156:[4, 246, 55, 247, 8, 76]
157:[32, 4, 37, 198, 137, 78, 209, 19, 149, 54, 246, 55, 247, 154, 27, 29, 157]
158:[4, 246, 55, 247, 8, 92, 13, 47]
159:[4, 5, 133, 6, 7, 8, 137, 138, 141, 14, 15, 16, 17, 145, 19, 147, 148, 149, 150, 27, 155, 29, 159, 32, 160, 35, 37, 165, 171, 46, 174, 47, 176, 177, 54, 182, 55, 184, 57, 58, 186, 187, 62, 190, 67, 195, 69, 197, 70, 198, 72, 76, 204, 78, 80, 209, 91, 92, 94, 225, 227, 103, 109, 242, 246, 247, 248, 121, 125]
160:[129, 130, 4, 5, 133, 6, 7, 8, 137, 138, 13, 15, 16, 17, 145, 19, 148, 149, 27, 155, 29, 159, 32, 160, 37, 165, 47, 54, 55, 184, 58, 187, 61, 190, 191, 67, 198, 75, 76, 204, 78, 82, 88, 91, 92, 222, 225, 228, 103, 232, 240, 242, 246, 247, 248, 125]
161:[34, 4, 229, 247, 168, 28, 60]
162:[4, 133, 6, 7, 8, 202, 75, 76, 204, 13, 14, 15, 16, 80, 17, 19, 89, 218, 92, 225, 163, 227, 165, 232, 46, 174, 47, 246, 55, 247, 184, 58, 187, 125]
163:[129, 2, 4, 5, 6, 198, 8, 202, 75, 76, 13, 16, 144, 17, 19, 83, 89, 91, 92, 222, 162, 163, 37, 165, 103, 105, 171, 236, 46, 47, 242, 116, 246, 55, 247, 248, 57, 58, 187, 188, 63]
164:[4, 5, 6, 8, 138, 11, 13, 16, 17, 19, 147, 148, 149, 150, 155, 164, 37, 165, 169, 43, 171, 46, 47, 49, 55, 183, 57, 58, 188, 62, 63, 198, 72, 200, 202, 75, 76, 209, 83, 84, 85, 86, 91, 92, 221, 94, 222, 95, 105, 109, 113, 242, 246, 119, 247, 248]
165:[2, 4, 5, 6, 7, 8, 9, 11, 12, 13, 14, 15, 16, 17, 19, 21, 22, 23, 25, 27, 28, 29, 32, 37, 39, 43, 46, 47, 49, 53, 54, 55, 57, 58, 63, 67, 69, 72, 75, 76, 78, 80, 83, 84, 85, 87, 89, 91, 92, 94, 95, 99, 100, 103, 105, 108, 109, 112, 119, 125, 127, 129, 132, 133, 134, 137, 138, 144, 145, 147, 149, 150, 153, 159, 160, 162, 163, 164, 165, 169, 170, 171, 184, 187, 188, 189, 190, 195, 197, 198, 200, 202, 205, 206, 209, 211, 217, 218, 221, 222, 224, 225, 227, 230, 232, 233, 236, 239, 240, 242, 246, 247, 248]
166:[4, 197, 7, 8, 75, 76, 13, 80, 19, 21, 153, 91, 92, 222, 225, 100, 101, 39, 232, 109, 47, 246, 55, 247, 120, 121, 58]
167:[2, 4, 5, 197, 6, 7, 8, 75, 76, 13, 80, 144, 81, 19, 217, 92, 222, 225, 227, 232, 43, 109, 47, 246, 55, 247, 58, 125, 63]
168:[161, 4, 247, 168, 28, 60]
169:[129, 130, 4, 5, 133, 6, 134, 7, 135, 8, 138, 13, 15, 16, 144, 17, 19, 147, 149, 27, 29, 32, 33, 164, 37, 165, 169, 170, 171, 46, 47, 49, 53, 182, 55, 183, 57, 58, 187, 63, 191, 68, 69, 197, 198, 199, 72, 201, 74, 202, 75, 76, 205, 80, 209, 83, 211, 85, 87, 92, 225, 226, 227, 232, 236, 109, 242, 246, 247, 248]
170:[2, 130, 4, 5, 6, 134, 7, 8, 13, 14, 15, 16, 144, 17, 18, 146, 19, 147, 149, 153, 35, 37, 165, 169, 170, 43, 171, 46, 47, 176, 182, 55, 183, 184, 57, 58, 187, 62, 63, 191, 68, 69, 197, 198, 199, 72, 202, 75, 76, 80, 208, 209, 211, 85, 217, 218, 92, 222, 95, 224, 225, 226, 99, 227, 230, 232, 236, 109, 242, 246, 119, 247, 248, 125, 127]
171:[2, 4, 5, 6, 7, 8, 11, 12, 13, 14, 15, 16, 17, 18, 19, 21, 23, 24, 25, 27, 29, 32, 35, 37, 43, 47, 51, 54, 55, 57, 58, 62, 63, 67, 68, 69, 71, 72, 74, 75, 76, 78, 79, 80, 81, 84, 85, 87, 91, 92, 94, 95, 99, 100, 103, 108, 109, 112, 116, 119, 121, 125, 127, 128, 129, 133, 134, 135, 137, 138, 140, 145, 146, 147, 148, 149, 150, 153, 155, 159, 163, 164, 165, 169, 170, 171, 172, 173, 174, 176, 181, 182, 183, 184, 187, 190, 197, 198, 199, 200, 202, 205, 206, 209, 211, 217, 218, 219, 221, 222, 225, 226, 227, 230, 232, 239, 242, 246, 247, 248]
172:[224, 129, 99, 4, 37, 72, 171, 108, 172, 208, 81, 209, 19, 147, 149, 247, 248]
173:[4, 37, 171, 108, 15, 47, 208, 19, 149, 150, 246, 55, 247, 248, 57, 58, 218, 62]
174:[130, 67, 4, 69, 134, 198, 7, 8, 137, 74, 75, 76, 13, 141, 205, 206, 15, 16, 17, 209, 19, 149, 25, 218, 91, 92, 159, 33, 225, 162, 37, 232, 171, 174, 47, 54, 246, 55, 247, 184, 248, 58, 125, 190, 127, 191]
175:[19, 4, 246, 248, 47, 63]
176:[2, 4, 5, 133, 6, 134, 7, 135, 8, 138, 140, 13, 18, 146, 19, 147, 148, 155, 159, 170, 171, 47, 176, 182, 55, 183, 184, 57, 58, 195, 69, 197, 198, 72, 75, 76, 80, 83, 89, 217, 91, 92, 221, 222, 225, 227, 103, 232, 236, 109, 239, 242, 246, 247, 248]
177:[4, 6, 198, 8, 202, 75, 76, 13, 16, 80, 17, 19, 85, 159, 227, 105, 42, 235, 46, 47, 242, 246, 55, 247, 248, 58, 188, 125]
178:[225, 4, 5, 133, 6, 7, 8, 232, 9, 75, 76, 109, 178, 19, 246, 55, 247, 248, 57, 58, 92, 221, 222]
179:[225, 4, 198, 230, 199, 8, 72, 202, 75, 76, 13, 109, 206, 47, 17, 19, 211, 21, 246, 55, 247, 25, 58, 222]
180:[247]
181:[195, 4, 69, 197, 7, 8, 138, 75, 76, 15, 16, 80, 17, 19, 148, 91, 92, 225, 171, 109, 47, 181, 246, 55, 247, 248, 57, 58, 62]
182:[4, 5, 133, 6, 7, 135, 8, 140, 13, 15, 16, 17, 18, 146, 19, 147, 148, 149, 150, 25, 155, 29, 159, 32, 37, 169, 170, 171, 47, 176, 54, 182, 55, 183, 184, 57, 58, 62, 190, 67, 68, 69, 197, 198, 71, 199, 72, 202, 75, 76, 78, 206, 79, 80, 209, 85, 87, 218, 91, 92, 221, 222, 95, 225, 227, 103, 232, 109, 239, 242, 246, 119, 247, 248, 125]
183:[4, 5, 133, 6, 7, 135, 8, 140, 13, 15, 18, 146, 19, 147, 148, 149, 150, 25, 155, 164, 169, 170, 43, 171, 47, 176, 54, 182, 55, 183, 57, 58, 62, 190, 63, 67, 69, 197, 198, 71, 199, 72, 74, 75, 76, 206, 79, 80, 91, 92, 222, 95, 225, 227, 103, 232, 109, 242, 246, 119, 247, 248]
184:[130, 4, 132, 133, 6, 134, 7, 8, 137, 12, 13, 141, 14, 15, 16, 17, 145, 19, 148, 149, 150, 25, 27, 29, 159, 32, 160, 33, 162, 37, 165, 170, 171, 174, 47, 176, 53, 54, 182, 55, 184, 58, 186, 187, 61, 189, 62, 190, 191, 67, 197, 70, 198, 72, 75, 76, 204, 205, 78, 206, 80, 88, 89, 91, 92, 94, 222, 225, 227, 228, 232, 106, 109, 111, 239, 112, 246, 247, 248, 121, 125]
185:[256, 19, 4, 198, 247, 252]
186:[99, 4, 37, 133, 7, 8, 76, 19, 246, 55, 247, 184, 248, 92, 159]
187:[128, 2, 4, 5, 133, 6, 134, 7, 8, 137, 138, 13, 15, 16, 144, 17, 19, 21, 150, 24, 25, 29, 159, 32, 160, 162, 163, 165, 169, 170, 171, 46, 47, 54, 55, 184, 58, 187, 190, 63, 65, 67, 197, 202, 75, 76, 78, 206, 80, 83, 211, 89, 217, 91, 92, 222, 225, 226, 227, 228, 230, 103, 232, 239, 246, 247, 248, 125, 126, 127]
188:[4, 5, 133, 6, 7, 8, 138, 12, 13, 16, 144, 17, 19, 23, 163, 164, 37, 165, 46, 47, 49, 177, 55, 57, 58, 59, 188, 63, 72, 202, 75, 76, 208, 209, 211, 86, 89, 92, 222, 225, 230, 232, 105, 236, 109, 242, 246, 119, 247, 248, 125]
189:[4, 132, 6, 198, 7, 8, 202, 76, 17, 145, 209, 19, 85, 27, 155, 29, 32, 37, 165, 52, 53, 246, 55, 247, 184, 248, 58, 189]
190:[130, 4, 132, 5, 133, 6, 7, 8, 137, 138, 13, 141, 14, 15, 16, 17, 145, 19, 147, 148, 149, 150, 25, 27, 155, 29, 159, 32, 160, 37, 165, 171, 46, 174, 47, 54, 182, 55, 183, 184, 57, 58, 187, 61, 190, 191, 66, 67, 195, 69, 70, 198, 72, 201, 75, 203, 76, 204, 205, 78, 206, 80, 209, 218, 91, 92, 222, 224, 225, 227, 228, 103, 232, 109, 239, 112, 242, 246, 247, 248, 122, 125]
191:[130, 67, 4, 197, 7, 8, 137, 201, 75, 76, 13, 205, 15, 80, 19, 149, 23, 151, 218, 91, 92, 222, 160, 225, 227, 37, 232, 169, 170, 174, 47, 240, 54, 246, 55, 247, 120, 184, 121, 58, 61, 125, 190, 127, 191]
192:[192, 4, 133, 198, 7, 8, 200, 10, 11, 75, 139, 76, 13, 14, 15, 19, 212, 215, 89, 91, 92, 47, 243, 246, 55, 247, 125]
193:[227, 4, 133, 8, 76, 15, 47, 80, 246, 55, 247, 89, 218, 92]
194:[2, 4, 5, 133, 197, 6, 7, 8, 75, 76, 13, 206, 16, 80, 17, 19, 211, 25, 217, 92, 221, 222, 225, 230, 109, 47, 246, 55, 247, 57, 58]
195:[4, 133, 6, 7, 8, 137, 14, 15, 16, 17, 19, 148, 150, 155, 159, 37, 165, 47, 176, 181, 54, 55, 57, 58, 62, 190, 67, 195, 68, 69, 197, 74, 75, 76, 80, 89, 91, 92, 94, 225, 227, 232, 109, 239, 242, 246, 247, 248, 125]
196:[226, 4, 246, 55, 8, 40, 11, 92, 47]
197:[129, 2, 130, 4, 5, 133, 6, 134, 7, 135, 8, 138, 13, 15, 16, 17, 18, 146, 19, 147, 21, 149, 22, 150, 23, 25, 29, 159, 32, 33, 37, 165, 166, 167, 169, 170, 43, 171, 46, 47, 176, 51, 181, 182, 55, 183, 184, 58, 187, 62, 63, 191, 194, 195, 69, 197, 198, 71, 199, 72, 74, 75, 76, 78, 206, 79, 207, 80, 208, 81, 209, 85, 87, 217, 218, 92, 94, 222, 225, 227, 103, 232, 236, 239, 242, 246, 119, 247, 248, 125]
198:[4, 5, 6, 7, 8, 10, 11, 13, 14, 15, 16, 17, 19, 22, 23, 26, 27, 28, 29, 30, 31, 32, 33, 34, 35, 37, 42, 43, 44, 47, 52, 53, 54, 55, 57, 58, 60, 61, 62, 63, 67, 72, 73, 75, 76, 77, 78, 79, 80, 82, 87, 88, 89, 91, 92, 95, 96, 98, 100, 101, 102, 103, 106, 109, 111, 112, 114, 118, 119, 122, 123, 125, 127, 132, 133, 134, 135, 137, 138, 140, 142, 144, 145, 146, 147, 148, 149, 150, 153, 154, 155, 157, 159, 160, 163, 164, 165, 169, 170, 171, 174, 176, 177, 179, 182, 183, 184, 185, 189, 190, 192, 197, 198, 200, 202, 204, 205, 209, 211, 221, 222, 225, 227, 230, 232, 235, 236, 239, 242, 246, 247, 248]
199:[2, 4, 7, 135, 8, 140, 13, 14, 15, 16, 17, 18, 146, 19, 147, 148, 149, 150, 25, 37, 169, 170, 171, 47, 49, 179, 182, 55, 183, 57, 58, 63, 197, 199, 72, 75, 76, 206, 79, 80, 87, 217, 91, 92, 221, 222, 225, 227, 103, 232, 109, 240, 246, 119, 247, 248, 125]
200:[192, 4, 5, 69, 6, 198, 74, 11, 13, 19, 148, 21, 149, 213, 150, 154, 27, 91, 29, 94, 95, 32, 164, 37, 165, 171, 47, 246, 247, 248, 58, 62]
201:[130, 67, 4, 7, 8, 75, 76, 13, 15, 80, 19, 21, 151, 218, 91, 92, 222, 33, 225, 227, 232, 169, 110, 47, 50, 54, 246, 55, 247, 121, 58, 190, 63, 191]
202:[2, 4, 5, 6, 7, 8, 12, 13, 15, 16, 17, 19, 22, 23, 24, 25, 27, 29, 32, 37, 46, 47, 49, 51, 52, 54, 55, 57, 58, 59, 62, 63, 72, 75, 76, 80, 81, 82, 83, 85, 87, 89, 91, 92, 94, 95, 100, 103, 104, 105, 109, 116, 125, 129, 132, 133, 137, 138, 144, 145, 146, 147, 149, 150, 153, 162, 163, 164, 165, 169, 170, 171, 177, 179, 182, 187, 188, 189, 198, 202, 206, 209, 211, 218, 221, 222, 224, 225, 227, 230, 232, 233, 240, 242, 246, 247, 248]
203:[67, 4, 54, 70, 246, 7, 55, 247, 8, 190]
204:[67, 4, 133, 198, 7, 8, 137, 75, 76, 206, 19, 25, 91, 92, 159, 160, 225, 162, 232, 47, 54, 246, 55, 247, 184, 190]
205:[130, 67, 4, 6, 198, 7, 8, 72, 75, 12, 76, 140, 13, 15, 80, 19, 149, 151, 90, 218, 91, 155, 92, 222, 95, 33, 225, 227, 165, 169, 171, 174, 47, 54, 246, 55, 247, 184, 248, 57, 121, 58, 125, 62, 190, 63, 191]
206:[129, 4, 5, 133, 6, 134, 7, 8, 13, 15, 16, 17, 146, 19, 147, 21, 149, 22, 23, 25, 29, 32, 37, 165, 171, 174, 47, 49, 51, 179, 54, 182, 55, 183, 184, 58, 59, 187, 62, 190, 63, 194, 67, 197, 199, 72, 202, 75, 76, 204, 78, 206, 207, 80, 208, 81, 209, 87, 218, 92, 94, 224, 225, 99, 227, 232, 234, 109, 239, 112, 242, 115, 246, 119, 247, 248]
207:[2, 4, 37, 197, 8, 76, 206, 15, 47, 80, 81, 19, 149, 22, 246, 23, 55, 247, 24, 248, 25, 217, 218, 92]
208:[2, 4, 133, 7, 8, 13, 14, 15, 144, 19, 149, 150, 25, 29, 32, 37, 170, 172, 173, 46, 47, 55, 57, 58, 188, 197, 75, 76, 78, 206, 80, 208, 211, 217, 218, 91, 92, 221, 222, 225, 227, 230, 232, 108, 109, 239, 246, 247, 248, 121]
209:[2, 4, 132, 5, 133, 6, 7, 8, 137, 13, 14, 15, 16, 17, 145, 19, 147, 149, 150, 25, 153, 27, 29, 157, 159, 32, 164, 37, 165, 169, 170, 171, 172, 174, 47, 53, 54, 182, 55, 57, 58, 188, 189, 190, 63, 67, 197, 198, 72, 202, 75, 76, 78, 206, 80, 209, 82, 211, 85, 217, 218, 219, 92, 221, 222, 225, 227, 230, 103, 232, 105, 108, 109, 239, 112, 242, 246, 119, 247, 248, 122, 125]
210:[247]
211:[129, 2, 4, 5, 133, 6, 7, 8, 138, 13, 15, 16, 144, 17, 145, 19, 20, 148, 21, 149, 22, 150, 23, 154, 27, 29, 32, 37, 165, 169, 170, 171, 46, 47, 179, 52, 55, 57, 58, 187, 188, 63, 194, 198, 202, 75, 76, 80, 208, 209, 83, 211, 84, 85, 86, 89, 217, 91, 92, 222, 224, 97, 225, 99, 227, 230, 103, 231, 105, 236, 109, 111, 239, 240, 241, 242, 115, 116, 246, 247, 248, 121, 127]
212:[192, 35, 4, 7, 8, 10, 11, 139, 76, 15, 19, 212, 213, 214, 246, 55, 215, 247, 248, 91, 125]
213:[19, 4, 212, 246, 55, 247, 8, 200, 10, 11, 91, 92]
214:[19, 4, 212, 246, 119, 215, 247, 72, 11, 91]
215:[192, 4, 212, 214, 246, 247, 11, 91, 13, 47]
216:[4, 21, 133, 246, 55, 247, 8, 216, 92, 47]
217:[2, 4, 5, 6, 134, 8, 13, 15, 144, 19, 21, 149, 37, 165, 167, 170, 171, 47, 176, 49, 51, 55, 57, 58, 187, 64, 194, 197, 199, 72, 207, 80, 208, 209, 211, 85, 87, 217, 218, 92, 222, 95, 227, 230, 236, 242, 246, 119, 247, 248]
218:[128, 129, 2, 130, 4, 5, 133, 6, 7, 8, 136, 12, 140, 13, 14, 15, 16, 17, 19, 20, 21, 22, 150, 23, 151, 24, 25, 33, 162, 37, 165, 170, 43, 171, 173, 46, 174, 47, 48, 49, 50, 54, 182, 55, 58, 61, 190, 63, 191, 65, 193, 67, 197, 72, 201, 202, 75, 76, 205, 206, 207, 80, 208, 81, 209, 217, 90, 218, 91, 219, 92, 94, 222, 223, 225, 227, 103, 232, 105, 234, 238, 239, 241, 246, 119, 247, 248, 121, 125, 126]
219:[33, 225, 227, 4, 37, 7, 8, 75, 171, 76, 13, 15, 47, 80, 209, 19, 246, 55, 247, 218, 219, 125]
220:[19, 4, 247, 248]
221:[129, 4, 5, 6, 134, 8, 9, 16, 17, 146, 19, 147, 149, 22, 23, 153, 35, 164, 37, 165, 171, 46, 47, 176, 49, 178, 182, 55, 57, 58, 59, 63, 194, 69, 198, 199, 72, 74, 202, 76, 208, 81, 209, 83, 84, 85, 86, 87, 221, 94, 222, 95, 224, 99, 105, 233, 108, 109, 240, 113, 242, 246, 119, 247, 248]
222:[2, 4, 5, 6, 7, 8, 9, 12, 13, 14, 15, 16, 17, 18, 19, 20, 21, 22, 23, 27, 29, 32, 33, 35, 37, 43, 46, 47, 48, 49, 50, 51, 54, 55, 57, 58, 59, 62, 63, 67, 69, 72, 74, 75, 76, 80, 81, 83, 84, 85, 86, 87, 89, 90, 91, 92, 94, 99, 103, 105, 108, 109, 113, 115, 116, 119, 121, 125, 127, 128, 129, 130, 133, 134, 138, 144, 145, 146, 147, 148, 149, 153, 160, 163, 164, 165, 166, 167, 170, 171, 176, 178, 179, 182, 183, 184, 187, 188, 190, 191, 194, 197, 198, 199, 201, 202, 205, 208, 209, 211, 217, 218, 221, 222, 224, 225, 227, 230, 232, 233, 236, 240, 241, 242, 246, 247, 248]
223:[224, 19, 4, 37, 246, 55, 247, 218, 15]
224:[67, 4, 5, 133, 6, 7, 8, 137, 202, 75, 76, 13, 206, 17, 19, 211, 21, 25, 153, 92, 221, 222, 223, 225, 37, 165, 230, 232, 170, 108, 172, 109, 47, 239, 54, 246, 55, 247, 248, 58, 190]
225:[4, 5, 6, 7, 8, 9, 11, 12, 13, 14, 15, 16, 17, 18, 19, 21, 22, 23, 24, 25, 27, 29, 32, 33, 35, 37, 40, 42, 46, 47, 49, 50, 51, 52, 54, 55, 57, 58, 59, 61, 62, 63, 67, 69, 70, 71, 72, 74, 75, 76, 78, 80, 81, 83, 85, 86, 87, 90, 91, 92, 94, 95, 99, 103, 105, 108, 109, 110, 112, 119, 120, 121, 122, 125, 127, 129, 130, 132, 133, 134, 135, 137, 138, 140, 141, 146, 147, 148, 149, 150, 153, 155, 159, 160, 162, 165, 166, 167, 169, 170, 171, 174, 176, 178, 179, 181, 182, 183, 184, 187, 188, 190, 191, 194, 195, 197, 198, 199, 201, 202, 204, 205, 206, 208, 209, 211, 218, 219, 222, 224, 225, 227, 228, 230, 235, 238, 240, 241, 242, 246, 247, 248]
226:[4, 196, 5, 133, 6, 7, 8, 72, 13, 80, 144, 19, 149, 86, 89, 92, 226, 227, 169, 170, 171, 109, 47, 242, 246, 55, 247, 248, 57, 58, 187, 63]
227:[2, 4, 5, 6, 7, 8, 10, 11, 13, 14, 15, 16, 17, 18, 19, 21, 22, 23, 25, 27, 29, 32, 33, 35, 37, 46, 47, 49, 50, 51, 54, 55, 57, 58, 62, 63, 67, 68, 69, 71, 72, 74, 75, 76, 78, 80, 81, 82, 83, 85, 87, 90, 91, 92, 95, 103, 105, 109, 112, 113, 115, 119, 121, 125, 127, 128, 129, 130, 133, 134, 135, 136, 137, 138, 141, 144, 145, 146, 147, 149, 150, 151, 155, 159, 162, 165, 167, 169, 170, 171, 176, 177, 182, 183, 184, 187, 190, 191, 193, 195, 197, 198, 199, 201, 202, 205, 206, 208, 209, 211, 217, 218, 219, 222, 225, 226, 227, 230, 232, 236, 239, 241, 242, 246, 247, 248]
228:[67, 4, 6, 7, 8, 137, 75, 76, 19, 148, 91, 92, 160, 225, 228, 47, 242, 54, 246, 55, 247, 184, 248, 187, 125, 190]
229:[161, 34, 4, 229, 247, 56, 28, 60, 143]
230:[2, 4, 5, 133, 6, 7, 8, 138, 13, 16, 144, 17, 145, 19, 20, 148, 21, 149, 22, 150, 23, 154, 27, 29, 32, 37, 165, 170, 171, 46, 47, 179, 52, 55, 57, 58, 187, 188, 63, 194, 198, 202, 75, 76, 80, 208, 209, 83, 211, 84, 85, 86, 89, 217, 91, 92, 222, 224, 225, 99, 227, 230, 103, 231, 105, 236, 109, 239, 240, 241, 242, 115, 116, 246, 247, 248, 121]
231:[211, 4, 230, 247, 58, 236]
232:[4, 5, 6, 7, 8, 9, 11, 12, 13, 14, 15, 16, 17, 18, 19, 22, 23, 25, 29, 32, 33, 35, 37, 40, 46, 47, 51, 54, 55, 58, 59, 61, 62, 63, 67, 69, 71, 72, 74, 76, 78, 80, 81, 83, 86, 87, 91, 92, 94, 95, 105, 119, 120, 121, 125, 127, 129, 130, 133, 134, 135, 137, 141, 146, 147, 148, 149, 150, 153, 155, 160, 162, 165, 166, 167, 169, 170, 171, 174, 176, 178, 182, 183, 184, 187, 188, 190, 191, 195, 197, 198, 199, 201, 202, 204, 206, 208, 209, 218, 222, 224, 227, 232, 240, 241, 242, 246, 247, 248]
233:[4, 5, 165, 6, 9, 233, 202, 236, 13, 109, 47, 16, 17, 242, 19, 247, 248, 58, 221, 222]
234:[4, 246, 55, 247, 8, 25, 218, 92, 206, 15, 47]
235:[4, 198, 7, 8, 10, 11, 75, 139, 76, 13, 15, 16, 17, 19, 148, 150, 91, 92, 225, 40, 42, 235, 47, 177, 246, 55, 247, 248, 58]
236:[2, 4, 5, 6, 134, 8, 138, 140, 13, 16, 144, 17, 19, 21, 163, 37, 165, 169, 170, 47, 48, 176, 49, 55, 57, 58, 188, 63, 197, 198, 75, 76, 80, 211, 86, 217, 92, 222, 227, 230, 231, 233, 236, 109, 239, 242, 246, 247, 248]
237:[32, 4, 7, 8, 137, 76, 237, 78, 112, 54, 246, 55, 247, 122, 92, 29]
238:[225, 4, 246, 7, 55, 247, 8, 218, 75, 76, 92, 15]
239:[4, 132, 5, 133, 6, 134, 8, 137, 138, 12, 140, 13, 14, 15, 16, 17, 19, 147, 148, 149, 150, 25, 153, 27, 155, 29, 32, 33, 37, 165, 171, 46, 47, 176, 51, 54, 182, 55, 184, 58, 187, 61, 62, 190, 63, 67, 195, 69, 197, 198, 72, 74, 76, 78, 206, 80, 208, 209, 211, 218, 91, 92, 94, 224, 227, 230, 103, 236, 109, 112, 240, 242, 246, 119, 247, 248, 122, 127]
240:[130, 4, 5, 133, 6, 7, 8, 13, 15, 16, 17, 19, 147, 22, 23, 160, 37, 165, 47, 55, 57, 58, 59, 63, 191, 199, 72, 202, 75, 76, 211, 84, 85, 89, 91, 92, 221, 222, 225, 230, 232, 108, 109, 239, 240, 241, 242, 246, 247, 248, 121, 127]
241:[4, 8, 75, 76, 13, 15, 80, 19, 211, 151, 218, 91, 222, 225, 227, 37, 230, 232, 47, 240, 241, 246, 55, 247, 121, 58, 125]
242:[2, 4, 5, 6, 7, 8, 13, 14, 15, 16, 17, 18, 19, 25, 27, 29, 32, 33, 37, 43, 46, 47, 49, 53, 54, 55, 57, 58, 62, 67, 68, 69, 72, 74, 75, 76, 78, 79, 80, 83, 84, 85, 86, 87, 89, 90, 91, 92, 100, 103, 105, 108, 109, 110, 116, 119, 125, 127, 133, 134, 138, 141, 144, 146, 147, 148, 149, 150, 153, 159, 160, 163, 164, 165, 169, 170, 171, 176, 177, 182, 183, 188, 190, 195, 197, 198, 202, 206, 209, 211, 217, 221, 222, 225, 226, 227, 228, 230, 232, 233, 236, 239, 240, 242, 246, 247, 248]
243:[192, 4, 246, 55, 247, 8, 11, 92]
244:[3]
245:[3]
246:[2, 4, 5, 6, 7, 8, 9, 10, 11, 12, 13, 14, 15, 16, 17, 18, 19, 20, 21, 22, 23, 24, 25, 26, 27, 29, 30, 32, 33, 35, 37, 40, 41, 42, 43, 45, 46, 47, 48, 49, 50, 51, 52, 53, 54, 55, 57, 58, 59, 61, 62, 63, 64, 65, 66, 67, 68, 69, 70, 71, 72, 74, 75, 76, 78, 79, 80, 81, 82, 83, 85, 86, 87, 88, 89, 90, 91, 92, 93, 94, 95, 96, 97, 99, 100, 103, 105, 106, 108, 109, 110, 111, 112, 113, 114, 115, 116, 119, 120, 121, 122, 125, 126, 127, 128, 129, 130, 131, 132, 133, 134, 135, 136, 137, 138, 139, 140, 141, 144, 145, 146, 147, 148, 149, 150, 151, 153, 154, 155, 156, 157, 158, 159, 160, 162, 163, 164, 165, 166, 167, 169, 170, 171, 173, 174, 175, 176, 177, 178, 179, 181, 182, 183, 184, 186, 187, 188, 189, 190, 191, 192, 193, 194, 195, 196, 197, 198, 199, 200, 201, 202, 203, 204, 205, 206, 207, 208, 209, 211, 212, 213, 214, 215, 216, 217, 218, 219, 221, 222, 223, 224, 225, 226, 227, 228, 230, 232, 234, 235, 236, 237, 238, 239, 240, 241, 242, 243, 246, 247, 248, 252, 256]
247:[2, 4, 5, 6, 7, 8, 9, 10, 11, 12, 13, 14, 15, 16, 17, 18, 19, 20, 21, 22, 23, 24, 25, 26, 27, 28, 29, 30, 31, 32, 33, 34, 35, 37, 38, 39, 40, 41, 42, 43, 44, 45, 46, 47, 48, 49, 50, 51, 52, 53, 54, 55, 56, 57, 58, 59, 60, 61, 62, 63, 64, 65, 66, 67, 68, 69, 70, 71, 72, 73, 74, 75, 76, 77, 78, 79, 80, 81, 82, 83, 84, 85, 86, 87, 88, 89, 90, 91, 92, 93, 94, 95, 96, 97, 98, 99, 100, 101, 102, 103, 104, 105, 106, 107, 108, 109, 110, 111, 112, 113, 114, 115, 116, 117, 118, 119, 120, 121, 122, 123, 124, 125, 126, 127, 128, 129, 130, 131, 132, 133, 134, 135, 136, 137, 138, 139, 140, 141, 142, 143, 144, 145, 146, 147, 148, 149, 150, 151, 152, 153, 154, 155, 156, 157, 158, 159, 160, 161, 162, 163, 164, 165, 166, 167, 168, 169, 170, 171, 172, 173, 174, 176, 177, 178, 179, 180, 181, 182, 183, 184, 185, 186, 187, 188, 189, 190, 191, 192, 193, 194, 195, 197, 198, 199, 200, 201, 202, 203, 204, 205, 206, 207, 208, 209, 210, 211, 212, 213, 214, 215, 216, 217, 218, 219, 220, 221, 222, 223, 224, 225, 226, 227, 228, 229, 230, 231, 232, 233, 234, 235, 236, 237, 238, 239, 240, 241, 242, 243, 246, 247, 248]
248:[2, 4, 5, 6, 7, 8, 9, 10, 11, 12, 13, 14, 15, 16, 17, 18, 19, 20, 21, 22, 23, 24, 25, 26, 27, 28, 29, 30, 32, 33, 35, 37, 39, 40, 42, 43, 45, 46, 47, 48, 49, 50, 51, 52, 53, 54, 55, 57, 58, 59, 61, 62, 63, 64, 65, 66, 67, 68, 69, 71, 72, 73, 74, 75, 76, 77, 78, 79, 80, 81, 82, 83, 84, 85, 86, 87, 88, 89, 90, 91, 92, 94, 95, 96, 98, 100, 101, 103, 105, 106, 108, 109, 110, 111, 112, 114, 116, 118, 119, 120, 121, 122, 123, 125, 126, 127, 128, 129, 132, 133, 134, 135, 137, 138, 140, 142, 144, 145, 146, 147, 148, 149, 150, 153, 154, 155, 159, 160, 163, 164, 165, 169, 170, 171, 172, 173, 174, 175, 176, 177, 178, 181, 182, 183, 184, 186, 187, 188, 189, 190, 195, 197, 198, 199, 200, 202, 205, 206, 207, 208, 209, 211, 212, 217, 218, 220, 221, 222, 224, 225, 226, 227, 228, 230, 232, 233, 235, 236, 239, 240, 242, 246, 247, 248]
249:[]
250:[256, 252]
251:[3]
252:[0, 32, 257, 4, 101, 7, 8, 73, 78, 112, 117, 246, 55, 185, 250, 29, 253, 255]
253:[256, 252]
254:[255]
255:[256, 252, 254]
256:[0, 32, 257, 4, 101, 7, 8, 73, 78, 112, 117, 246, 55, 185, 250, 29, 253, 255]
257:[0, 256, 257, 259, 252]
258:[0, 258]
259:[257, 260]
260:[259, 260]
